%Q1

p = [1, 1, 3, 2, 1, 2, 1];


